0000111100001111
0000111100001111
0000111100001111
0000111100001111
1000111100011111
0100111100101111
0010111101001111
0001111110001111
0010111101001111
0100111100101111
1000111100011111
0100111100101111
0010111101001111
0001111110001111
0010111101001111
0100111100101111
1000111100011111
0100111100101111
0010111101001111
0001111110001111
0010111101001111
0100111100101111
1000111100011111
0100111100101111
0010111101001111
0001111110001111
0010111101001111
0100111100101111
1000111100011111
0100111100101111
0010111110001111
0011111111001111
0111111111101111
1111111111111111
1111111111111111
1111111111111111
